50 20
1354.77 8350.09
3081.67 5472.21
1883.82 9928.81
9964.61 9676.95
1098.62 7981.06
1124.65 6397.63
7979.29 3612.94
2119.24 6813.6
3987.39 7406.47
4747.59 4220.88
1738.65 3019.13
7972.8 3165.5
8724.29 1491.14
9940.68 8219.03
1251.83 7637.5
4905.89 6636.06
1258.97 2102.09
512.164 364.413
5500 2000
4875.69 7939.75
9208.75 8075.31
7057.74 28.1843
7107.04 6439.61
4560.33 7739.17
5737.55 8767.57
8081.75 177.739
8212.46 8208.41
9400.74 4126.67
4231.65 0
1580.58 7617.31
2172.38 9073.65
8484.68 9550.18
675.954 7935.98
5945.04 7327.99
6952.33 6798.2
7000 3000
2080.68 5273.71
4042.09 3527.62
5928.24 3563.45
9649.66 1544.38
3949.08 3872.96
7269.55 3885.7
9274.93 4361.18
8626.78 6203.6
3402.2 5298.42
5054.99 5582.69
5031.9 4624.74
5465.92 4475.84
8544.51 6042.31
4985.44 9799.26
12
4047.09 8852.18
3681.18 8142.51
4505.17 7588.8
3002.15 7997
2945.49 8000.64
2821.24 7852.93
2434.28 7727.37
1707.74 8118.9
2187.77 8406.27
2361.27 8900.94
2936.87 8193.28
3300.05 9038.08
8
1421.01 858.439
2708.59 1019.22
3053.4 1212.6
3715.15 1193.3
3094.42 640.435
3449.81 126.88
2958.01 -49.8921
2159.64 -25.078
6
797.723 4918.75
675.293 5023.49
556.569 6378.82
909.934 5008.03
2011.65 4809.41
920.499 4509.43
5
10063.8 1987.84
8476.95 2383.1
8060.72 3492.35
9042.66 3610.15
9871.74 3562.06
8
7333.53 7924.76
6176.76 7961.03
7352.28 8175.22
7526.85 8456.47
7666.83 8203.49
8767.69 7857.31
7566.41 7295.13
6971.92 6694.18
9
8434.65 6605.54
8302.27 6307.96
8053.21 5496.47
7749.32 6499.42
6716.04 6505.69
7837 6928.45
8026.39 6766.02
8082.32 6955.12
8561.08 6913.37
5
5259.7 7170.19
6629.33 7194.8
6226.02 6036.12
5433.88 6921.1
4782.53 6717.32
8
4057.09 934.94
3742.62 1680.92
2304.29 1658.54
2380.48 2788.59
3726.18 2180.41
4341.55 3518.53
4319.63 2231.16
4341.57 1642.18
7
385.861 -430.19
875.257 683.763
514.338 1005.5
1558.94 2022.44
1028.67 702.136
963.144 627.568
907.372 435.087
8
7213.48 8392.74
6097.43 8988.24
7278.74 10137.2
7462.48 11039.5
8500.01 10207.9
7983.45 9911.7
7938.59 9670.19
7991.88 8904.71
7
4638.73 3620.14
5712.31 3352.51
4709.58 2577.66
5070.98 1455.21
4226.42 1212.39
4658.67 2575.72
4644.87 2618.34
6
6436.95 8494.41
6703.78 8098.86
6246.03 8055.52
6192.68 7982.28
5272.34 8001.29
6205.3 8108.84
3
6450.99 5322.06
6029.28 4087.78
6395.48 5354.69
3
5515.37 6355.61
5403.74 6656.65
5911.28 6313.86
3
6496.92 1983.5
6904.62 89.0782
3956.96 733.323
4
2564.54 1341.2
3260.15 1356.91
3840.11 1421.05
1982.28 994.91
3
4000 6000
3000 4214.08
5500 5000
3
602.415 7593.44
1316.39 7327.13
794.037 6530.69
3
9540.8 5134.79
7410.53 4525.04
8910.36 5129.12
39
1069.46 3347.45
966.3 3413.45
948.72 3577.15
1800.43 3653.29
939.245 3876.94
1064.48 4013.87
1103.58 4221.25
1905.71 3646.84
1844.92 3729.86
1878.02 3717.22
1840.08 3926.4
1896.74 3848.87
2005 4644.06
1939.86 3785.25
1946.33 3757.97
2643.42 4965.18
2048.76 3801.95
2111.25 3816.79
2423.8 3907.88
2568.83 3903.28
2436.94 3724.27
2697.76 3675.28
2070.85 3614.3
2384.4 3491.54
2310.18 3430.72
2449.33 3251.92
2461.54 3112.21
2581.94 2726.65
2256.17 2921.87
2165.76 2621.15
1958.42 2826.79
1875.98 3118.02
1822.78 3208.97
1811.03 3385.91
1110.44 2400.72
1079.86 2591.36
992.077 2729.47
871.838 2896.57
1035.71 3222.35
7000 5000
2
7000 5000
7269.55 3885.7
